   999.000000    
   999.000000    
   999.000000    
   999.000000    
   999.000000    
   999.000000    
   999.000000    
   999.000000    
   999.000000    
   999.000000    
   999.000000    
   999.000000    
   999.000000    
   999.000000    
   999.000000    
   999.000000    
   999.000000    
   999.000000    
   999.000000    
   999.000000    
   999.000000    
   999.000000    
   999.000000    
   999.000000    
   999.000000    
   999.000000    
   999.000000    
   999.000000    
   999.000000    
   999.000000    
   999.000000    
   999.000000    
   999.000000    
   999.000000    
   999.000000    
   999.000000    
   999.000000    
   999.000000    
   999.000000    
   999.000000    
   999.000000    
   999.000000    
   999.000000    
   999.000000    
   999.000000    
   999.000000    
   999.000000    
   999.000000    
   999.000000    
   999.000000    
   999.000000    
   999.000000    
   999.000000    
   999.000000    
   999.000000    
   999.000000    
   999.000000    
   999.000000    
   999.000000    
   999.000000    
   999.000000    
   999.000000    
   999.000000    
   999.000000    
   999.000000    
   999.000000    
   999.000000    
   999.000000    
   999.000000    
   999.000000    
   999.000000    
   999.000000    
   999.000000    
   999.000000    
   999.000000    
   999.000000    
   999.000000    
   999.000000    
   999.000000    
   999.000000    
   999.000000    
   999.000000    
   999.000000    
   999.000000    
   999.000000    
   999.000000    
   2.20705513E-02
  -8.40458088E-03
  -2.36575026E-03
   8.42015352E-03
  -4.16304469E-02
  -3.67747396E-02
   2.84902714E-02
  -1.72705390E-02
   1.01817092E-02
  -4.73068319E-02
  -2.49635950E-02
  -5.40246852E-02
  -6.50397241E-02
  -2.14619637E-02
  -3.07442863E-02
  -1.65114962E-02
  -4.38042246E-02
  -1.69759542E-02
  -3.58958133E-02
  -6.70655519E-02
  -7.42069408E-02
  -6.71510473E-02
  -9.92145985E-02
  -1.61449388E-02
   7.63219898E-04
  -2.67164204E-02
  -4.71295118E-02
  -9.72453058E-02
 -0.111124761    
 -0.138341278    
 -0.119855404    
  -1.37210293E-02
 -0.118239976    
  -8.46585855E-02
  -3.96585278E-02
  -3.08754332E-02
  -7.77641824E-03
  -1.69925895E-02
   999.000000    
   999.000000    
   999.000000    
   999.000000    
  -1.55967788E-03
  -4.75863963E-02
  -2.75984071E-02
  -1.64094176E-02
  -1.97152253E-02
  -4.25175801E-02
  -7.35537410E-02
  -4.45208363E-02
  -4.83427234E-02
  -1.12555455E-02
  -2.97582503E-02
  -6.86085820E-02
  -5.75943775E-02
  -8.01946148E-02
  -7.31340945E-02
  -3.96382483E-03
  -9.55576822E-03
  -2.99770199E-02
  -4.41215262E-02
  -4.47146520E-02
  -3.78605686E-02
  -4.22741324E-02
   3.66389053E-03
  -8.17933772E-03
  -1.43158883E-02
  -2.22775489E-02
  -5.95227331E-02
  -6.42005131E-02
 -0.112811759    
  -6.37594014E-02
  -5.71890175E-02
  -8.28635022E-02
  -7.73369744E-02
  -1.10095972E-02
  -3.96330543E-02
  -7.37125694E-04
   1.95308123E-02
  -8.51007737E-03
   999.000000    
   999.000000    
   999.000000    
   999.000000    
  -6.54712841E-02
  -5.32519035E-02
  -4.44210283E-02
  -1.57147180E-02
  -1.74888142E-03
  -5.78324012E-02
  -5.84471673E-02
  -6.16034865E-02
  -5.42790070E-02
  -2.50144526E-02
  -5.94830774E-02
  -2.41389070E-02
  -4.46363948E-02
  -5.19490466E-02
  -1.98472217E-02
   7.95656908E-03
  -3.42086554E-02
  -3.48702259E-02
  -2.83560697E-02
  -6.77256053E-03
  -1.30775794E-02
  -2.96827611E-02
  -9.35010985E-03
  -1.94501989E-02
   2.33752411E-02
   1.39110563E-02
  -9.10527557E-02
  -9.00022015E-02
  -6.03013597E-02
  -4.77556847E-02
  -6.73241913E-02
  -6.96133822E-02
   9.40615777E-03
   1.61302257E-02
   1.79640688E-02
  -9.30172671E-03
   6.38299761E-03
   5.47579071E-03
   999.000000    
   999.000000    
   999.000000    
   999.000000    
  -2.56401245E-02
  -4.41735089E-02
  -2.56229378E-02
   2.05175076E-02
   1.50090838E-02
  -2.65541989E-02
   2.92704278E-03
  -1.41163738E-02
  -1.46364942E-02
  -3.76509391E-02
  -2.99218334E-02
  -3.91739197E-02
  -7.04571754E-02
  -2.12427806E-02
  -1.69228502E-02
  -4.37233150E-02
  -2.53787991E-02
   3.18553448E-02
  -4.62686503E-03
  -1.43288495E-02
  -2.57548131E-02
  -1.74017213E-02
  -3.83998007E-02
   9.85013042E-03
  -1.72212496E-02
  -2.24743001E-02
 -0.118185565    
  -4.01627570E-02
  -4.34557237E-02
  -4.98226993E-02
  -6.16201945E-02
  -3.44361831E-03
   2.06777360E-02
  -4.57700975E-02
   4.49461583E-03
   1.96641870E-02
   3.85283902E-02
  -2.60053407E-02
   999.000000    
   999.000000    
   999.000000    
   999.000000    
  -1.14664286E-02
  -1.09299496E-02
   1.24968598E-02
   9.76444315E-03
  -6.61675865E-03
  -3.00975367E-02
  -4.41405596E-03
  -7.84590282E-03
  -5.04921973E-02
  -2.02479009E-02
  -4.62804642E-03
  -1.46226259E-02
  -2.49826349E-02
  -1.24364942E-02
   1.76081359E-02
  -1.55842649E-02
   7.09254341E-03
   3.52674387E-02
  -2.51534209E-03
  -1.43492445E-02
  -7.90832750E-03
  -2.87815128E-02
   1.05122961E-02
   2.08570840E-04
  -4.98059765E-02
  -9.37882811E-02
  -3.04656085E-02
  -2.16051005E-02
  -7.26597458E-02
  -9.91899986E-03
  -2.07634587E-02
  -5.13611455E-03
  -6.38600886E-02
  -1.46723706E-02
   5.09001017E-02
   3.37522812E-02
  -4.29614298E-02
  -9.93891582E-02
   999.000000    
   999.000000    
   999.000000    
   999.000000    
  -6.01385720E-04
   3.30971763E-03
   2.28558257E-02
  -3.55750173E-02
  -5.53692095E-02
  -1.20222308E-02
   2.14073956E-02
  -5.99000417E-03
  -1.37518812E-03
  -1.88673008E-02
  -1.80905331E-02
  -2.11743806E-02
   1.57934185E-02
   1.78431335E-03
  -4.08352586E-03
   1.06448373E-02
   1.11644417E-02
   1.10261086E-02
  -1.55202579E-02
  -3.72324623E-02
  -2.22963896E-02
  -3.31262201E-02
   3.38271409E-02
  -4.95738871E-02
  -8.12085494E-02
  -5.20943925E-02
  -6.49478845E-03
  -5.28621003E-02
  -2.14666687E-02
  -5.68477251E-03
  -2.48064399E-02
   1.05938260E-02
  -1.52934268E-02
   3.63223366E-02
   6.97874231E-03
  -4.44448739E-02
  -8.07378218E-02
  -6.40057996E-02
   999.000000    
   999.000000    
   999.000000    
   999.000000    
   2.37880461E-02
   1.20688346E-03
  -2.74247117E-02
  -2.37812791E-02
  -1.18814046E-02
  -9.98740434E-04
   4.72796120E-04
   9.87042859E-03
  -4.39091250E-02
  -6.43772706E-02
  -4.04243879E-02
   3.19861732E-02
   3.41270119E-02
   1.90980136E-02
  -1.46095892E-02
  -1.60270408E-02
   3.66370403E-03
  -2.89391112E-02
  -1.59959849E-02
  -3.01557165E-02
  -3.30844186E-02
  -1.32509209E-02
  -2.54881959E-02
  -5.95275275E-02
  -5.60888797E-02
  -1.79104637E-02
  -3.88450623E-02
   3.17555224E-03
   7.89210480E-03
  -1.96600575E-02
  -3.78488540E-03
  -2.67419219E-02
  -1.13234166E-02
   1.17630260E-02
   3.72901224E-02
   1.50075732E-02
   6.03227317E-03
   8.10971297E-03
   999.000000    
   999.000000    
   999.000000    
   999.000000    
   2.27497015E-02
  -2.11082548E-02
  -1.61943380E-02
  -3.68003473E-02
  -4.45235334E-02
  -1.81090441E-02
  -7.50484597E-03
  -1.99182099E-03
  -3.99047621E-02
  -9.36461054E-03
  -2.33996343E-02
   1.86239481E-02
  -6.78586541E-03
  -4.88121621E-02
  -2.44881175E-02
   6.32052496E-03
  -9.00888536E-03
  -1.31925959E-02
   1.00420499E-02
  -1.31267486E-02
  -3.61768529E-02
  -3.70972580E-03
  -4.06662263E-02
  -4.30180915E-02
  -9.80517827E-03
  -1.73892491E-02
  -4.02183272E-03
  -1.45946108E-02
  -9.78570525E-03
  -5.15801758E-02
   1.40262535E-03
   4.88472637E-04
  -8.56212620E-03
   6.00991398E-03
   3.31402346E-02
   3.53246480E-02
  -2.11556293E-02
  -2.92551965E-02
   999.000000    
   999.000000    
   999.000000    
   999.000000    
  -5.70632610E-03
  -1.08135063E-02
  -3.18999104E-02
  -5.89428609E-03
  -3.07296645E-02
  -4.93786484E-02
  -1.35975061E-02
  -2.33554095E-03
  -2.39731688E-02
  -3.84996273E-02
  -3.83467712E-02
  -8.53826571E-03
   9.46774322E-04
  -2.03158129E-02
  -1.86039712E-02
   2.10406482E-02
  -2.76618060E-02
   5.53575763E-03
   5.80013613E-04
  -4.92209569E-02
  -4.33051735E-02
  -1.18342498E-02
  -5.27241156E-02
  -2.67907605E-02
   1.69241522E-02
  -1.98088828E-02
  -2.82866471E-02
   1.18785026E-02
   2.26476919E-02
   5.34299063E-04
   4.86705862E-02
   3.36831957E-02
  -1.68450270E-02
   3.60943787E-02
   1.37147307E-02
   1.59741743E-04
  -6.62198802E-03
  -3.16215716E-02
   999.000000    
   999.000000    
   999.000000    
   999.000000    
  -3.31226108E-03
   1.07489536E-02
  -2.05656663E-02
  -1.18349935E-03
   8.37578345E-03
  -2.64424719E-02
   7.39430496E-03
   8.82379885E-04
  -3.40758730E-03
  -5.36885820E-02
  -3.75225618E-02
   2.02185288E-02
  -1.30706523E-02
   1.48174344E-02
  -1.33313509E-02
  -4.49975282E-02
  -1.71767995E-02
  -2.15035938E-02
  -3.32658403E-02
  -3.25432196E-02
  -3.56150158E-02
  -4.76262160E-02
  -3.94582413E-02
   8.55850615E-03
   3.36393714E-02
  -1.02863675E-02
  -2.54526716E-02
   4.48576882E-02
   3.65356058E-02
   2.61832010E-02
  -6.45413324E-02
   2.18281560E-02
   2.54737083E-02
   1.25549771E-02
  -9.52527858E-03
  -6.05906732E-02
  -1.40062645E-02
  -1.38011575E-02
   999.000000    
   999.000000    
   999.000000    
   999.000000    
  -1.11838756E-02
  -5.36241159E-02
  -2.32163724E-02
   1.09622227E-02
  -2.07296815E-02
  -1.48221254E-02
  -1.32372361E-02
   1.89323276E-02
   3.77228204E-03
  -4.81914580E-02
  -1.60002504E-02
  -2.91042197E-02
  -5.03993873E-03
  -2.21542642E-02
  -9.17043611E-02
  -1.37705938E-03
   7.49761704E-03
  -2.40138974E-02
  -1.47451060E-02
   1.48061840E-02
  -4.44397926E-02
  -1.31998388E-02
   3.11140390E-03
   3.16891214E-03
   1.09541221E-02
  -9.70081985E-03
  -1.31587032E-02
   2.78428085E-02
  -6.66135177E-03
   7.96262082E-03
  -7.37517653E-03
   1.70685966E-02
  -2.11159699E-02
  -2.89855208E-02
  -1.17826452E-02
  -1.91448238E-02
  -4.69992310E-02
   1.95738133E-02
   999.000000    
   999.000000    
   999.000000    
   999.000000    
  -1.72386914E-02
  -3.13353352E-02
  -6.20737532E-03
  -2.21435968E-02
  -6.11948036E-03
  -1.66241974E-02
  -4.13735248E-02
   1.57913640E-02
  -2.16134600E-02
  -2.02583186E-02
   4.05477062E-02
  -4.18031141E-02
  -4.50025909E-02
  -3.29707041E-02
  -2.27958672E-02
   3.95124182E-02
   1.38748391E-02
  -2.05932762E-02
  -3.74713726E-02
  -3.14600915E-02
  -6.13367837E-03
   2.26814970E-02
  -2.47924738E-02
  -1.04230130E-02
   1.47271594E-02
  -8.03959277E-03
  -1.35322213E-02
  -1.60667915E-02
   1.69449840E-02
  -2.65398584E-02
  -3.68935503E-02
   8.53066240E-03
   5.20559214E-02
   1.18225412E-02
  -8.75295326E-02
  -1.89048238E-02
   1.01214582E-02
  -3.13611142E-02
   999.000000    
   999.000000    
   999.000000    
   999.000000    
  -3.34904306E-02
   7.75515428E-03
   1.08287046E-02
  -1.78299993E-02
   7.93272257E-03
   3.23536955E-02
  -2.06916444E-02
  -2.61628814E-02
   1.24924015E-02
  -2.66122688E-02
  -1.33708343E-02
   1.04735047E-02
  -3.63972075E-02
  -3.58195640E-02
  -7.25041144E-03
  -8.39284621E-03
  -1.54856881E-02
  -2.72261035E-02
  -3.89738530E-02
  -8.63085091E-02
   4.07824479E-02
  -1.87039841E-02
   3.10487207E-02
   1.14619322E-02
   1.57488249E-02
  -3.67290736E-03
  -5.20812869E-02
   2.11270303E-02
   1.40736997E-03
  -7.82706663E-02
   1.04293209E-02
   4.47823480E-02
   4.07801010E-02
  -4.30273227E-02
  -5.22394059E-03
  -4.39546928E-02
   3.99406180E-02
   3.67724448E-02
   999.000000    
   999.000000    
   999.000000    
   999.000000    
   6.93313405E-03
  -1.32530229E-02
  -1.25807838E-03
  -2.14563962E-03
  -3.87451216E-03
   2.63205040E-02
  -9.07448679E-03
  -3.61169092E-02
   1.48778744E-02
   9.32150893E-03
  -5.40767871E-02
  -3.20486315E-02
  -4.23941351E-02
  -3.04542147E-02
  -6.08189888E-02
  -5.08470833E-03
  -1.00977402E-02
  -3.43280658E-02
  -5.80949709E-02
  -9.26706940E-02
  -2.96924636E-02
  -2.71256231E-02
   4.12141718E-02
   3.95302139E-02
   5.26445359E-02
  -2.63923481E-02
  -2.85785869E-02
   5.26479399E-03
   2.45088581E-02
  -1.80753600E-02
   2.77165473E-02
   2.26374064E-02
  -1.90916508E-02
  -2.82776523E-02
  -1.13074956E-02
  -5.60788717E-03
  -2.20534038E-02
  -3.50387990E-02
   999.000000    
   999.000000    
   999.000000    
   999.000000    
  -2.05489751E-02
  -3.87675576E-02
  -5.63265570E-03
   5.52501669E-03
  -1.97698199E-03
   4.49849665E-03
   2.33992399E-03
   1.23224256E-03
  -1.24747809E-02
   1.79565623E-02
  -3.49539109E-02
  -5.74407466E-02
  -5.68720454E-04
   1.59297255E-03
  -4.00202014E-02
   1.95305236E-02
   2.65069306E-03
  -2.72998903E-02
  -6.79655224E-02
  -1.28425369E-02
  -1.02292988E-02
   1.72386912E-03
   2.84201466E-02
   2.02697162E-02
  -1.82016771E-02
  -3.02775279E-02
  -2.80571226E-02
  -1.81908198E-02
   2.64190231E-02
  -2.48812698E-02
   1.24664260E-02
   2.10116934E-02
  -2.21405420E-02
  -4.44176458E-02
  -2.32146569E-02
  -4.62890044E-02
   7.88575504E-03
  -2.59807501E-02
   999.000000    
   999.000000    
   999.000000    
   999.000000    
  -6.50143325E-02
  -3.57063264E-02
   1.42156705E-02
   6.10505417E-03
   2.42418051E-02
   6.79976493E-03
  -2.76323557E-02
  -2.76808571E-02
  -2.05043834E-02
   4.63071559E-03
  -2.02061106E-02
  -3.67502235E-02
   1.37290023E-02
  -6.48084423E-03
   3.64573076E-02
  -1.01682320E-02
  -1.87947303E-02
  -8.29840004E-02
  -6.63096160E-02
   3.33853029E-02
   4.04324755E-02
   2.46104002E-02
  -3.62203978E-02
  -4.91765924E-02
  -4.29073684E-02
   2.34137685E-03
   4.22747689E-04
   1.08248331E-02
  -7.20064808E-03
  -2.36643869E-02
   2.02206953E-04
   7.78667920E-04
  -2.01577414E-02
  -2.14167386E-02
  -3.39153106E-03
   1.99055616E-02
  -7.51404231E-03
  -5.18488523E-04
   999.000000    
   999.000000    
   999.000000    
   999.000000    
  -2.59878449E-02
  -1.67194335E-03
  -5.36613073E-03
  -8.86223186E-03
  -1.23000946E-02
   8.74734949E-03
  -2.24145968E-03
  -4.21676151E-02
  -3.63812316E-03
   2.61878525E-03
  -9.22530051E-03
  -2.58462299E-02
  -4.00778325E-03
  -1.32995262E-03
   8.37490521E-03
  -3.79983634E-02
  -7.79883042E-02
  -5.37056848E-02
  -3.28650698E-02
  -1.38947172E-02
   5.48035698E-03
  -2.77612861E-02
  -6.43184483E-02
  -4.26575840E-02
   1.21153584E-02
   2.43526641E-02
   5.10123484E-02
   5.07783964E-02
  -1.43958973E-02
   2.56237891E-02
   3.23566683E-02
  -3.52877416E-02
  -2.57606693E-02
   1.99879315E-02
  -9.46352817E-03
  -4.91508562E-03
  -8.54183510E-02
  -1.37118297E-02
   999.000000    
   999.000000    
   999.000000    
   999.000000    
   7.17575336E-03
  -1.77562293E-02
  -4.81827967E-02
  -2.23113447E-02
  -4.48151007E-02
   2.73861438E-02
   7.07638217E-03
  -5.55712432E-02
  -1.41669088E-03
   2.64164228E-02
   5.76023571E-03
  -1.64801907E-02
  -1.69583261E-02
  -2.19574720E-02
  -2.20038183E-03
   9.00768850E-04
  -9.20254812E-02
  -1.05738230E-02
  -5.92624489E-03
  -3.59005779E-02
  -3.81588563E-02
  -3.41276609E-04
   8.95659532E-03
   4.53634979E-03
   8.04224238E-03
   1.91452131E-02
   4.10460271E-02
  -2.05186494E-02
  -2.95323133E-03
   1.58656090E-02
   1.87048558E-02
   3.72348283E-03
   6.44606259E-03
  -4.15713973E-02
  -3.10378000E-02
  -1.74172968E-02
  -1.09216869E-02
  -7.24948710E-03
   999.000000    
   999.000000    
   999.000000    
   999.000000    
  -1.34596908E-02
  -3.83836478E-02
   1.36770979E-02
  -1.72713457E-03
   3.58727935E-04
   1.74366832E-02
   1.61795656E-03
  -2.41214186E-02
  -9.97790368E-04
  -1.64133832E-02
  -4.09073830E-02
   2.70425528E-02
  -2.68475134E-02
  -5.32013625E-02
  -2.58092559E-03
  -1.41491890E-02
  -6.74704760E-02
  -2.86424309E-02
  -3.99592007E-03
  -2.68719438E-02
  -2.97177173E-02
   2.28650980E-02
   1.04409913E-02
  -1.09688789E-02
   8.05942994E-03
   5.11248922E-03
  -9.36887041E-03
  -1.71230957E-02
   9.06983204E-03
  -1.29840160E-02
  -2.27770489E-02
   9.92909167E-03
   4.21075560E-02
   3.10295001E-02
  -1.16941002E-04
  -4.54789959E-02
   6.53924141E-03
  -3.86249050E-02
   999.000000    
   999.000000    
   999.000000    
   999.000000    
   3.42537053E-02
   7.86089618E-03
   2.10789796E-02
  -5.47002163E-03
  -5.46152964E-02
  -5.73861413E-02
  -3.36789824E-02
  -2.33775638E-02
  -5.42920716E-02
  -5.96103407E-02
  -4.24547344E-02
   2.51256069E-03
  -7.55682541E-03
  -2.33495124E-02
  -1.09340658E-03
  -5.33276796E-02
  -6.14186116E-02
  -4.32974547E-02
   1.59112904E-02
  -3.19055505E-02
  -2.29490008E-02
   2.26625372E-02
   4.13009413E-02
  -5.61167561E-02
  -2.76973248E-02
  -1.02849556E-02
   1.34980613E-02
   7.46702775E-03
   7.54371099E-03
   2.65473966E-04
   1.58615038E-02
   2.46681627E-02
  -3.37415189E-02
   7.41875358E-03
   8.69184081E-03
  -3.23927514E-02
  -6.26431182E-02
  -5.04337326E-02
   999.000000    
   999.000000    
   999.000000    
   999.000000    
  -2.92324629E-02
   1.70674920E-02
   2.39437986E-02
  -2.58197337E-02
  -2.28815414E-02
  -1.94071364E-02
   4.21008319E-02
  -4.17893268E-02
  -5.72346598E-02
  -5.24688959E-02
  -3.69140171E-02
  -2.00229995E-02
  -2.45200209E-02
   1.75197721E-02
   1.78543273E-02
  -5.00623211E-02
  -6.10751137E-02
  -5.92258852E-03
   3.05954982E-02
  -7.65489240E-05
  -2.41383594E-02
  -2.67690644E-02
  -6.88810050E-02
  -3.45203355E-02
   1.70049667E-02
  -3.96885388E-02
   2.59551872E-02
   8.07987899E-03
  -3.41759771E-02
   5.54475526E-04
   1.68221164E-02
  -1.25042135E-02
  -6.22001290E-02
  -6.54275268E-02
  -2.51238868E-02
  -5.01319617E-02
  -4.62489985E-02
   2.94468924E-03
   999.000000    
   999.000000    
   999.000000    
   999.000000    
  -1.06568290E-02
  -1.01123611E-02
  -2.02190038E-02
  -2.06686594E-02
  -3.24948132E-02
   2.34578960E-02
   4.47974205E-02
  -1.38310222E-02
  -1.68341994E-02
  -6.95532607E-03
  -1.79890823E-03
   1.06989676E-02
  -4.67670262E-02
  -1.51906144E-02
  -1.79348215E-02
  -3.66473719E-02
   1.90862804E-03
   1.81437179E-03
  -3.20611201E-04
  -5.21416701E-02
  -4.26098071E-02
  -4.17442992E-03
   7.12461164E-03
  -2.66082697E-02
   5.82437851E-02
   3.47691290E-02
  -1.99615527E-02
  -7.43774027E-02
   1.16446810E-02
  -3.63715030E-02
   2.28981469E-02
   3.52789611E-02
  -1.04670308E-03
  -6.21851757E-02
  -3.49218808E-02
  -1.96792632E-02
   6.17940947E-02
   8.89548380E-03
   999.000000    
   999.000000    
   999.000000    
   999.000000    
  -1.71812084E-02
  -4.01390437E-03
  -1.83632318E-02
  -6.21398119E-03
  -3.95870581E-02
  -3.18323821E-02
   3.77861708E-02
   2.31333617E-02
  -2.25172229E-02
   1.24795372E-02
  -2.15785615E-02
   1.81806572E-02
  -1.60631388E-02
   4.17359546E-02
  -1.78583376E-02
  -6.54738322E-02
  -4.25328240E-02
   2.40962468E-02
   5.65731293E-03
   4.20471607E-03
   2.80325226E-02
   2.06321129E-03
   5.76383248E-03
  -8.46627820E-03
   7.56724691E-03
   1.79761201E-02
   3.14777829E-02
  -3.27918082E-02
  -3.93697917E-02
   3.02105546E-02
   5.34201227E-03
  -2.36745822E-04
  -3.28103900E-02
   6.14053197E-03
   2.68998817E-02
   3.45216990E-02
  -7.69975921E-03
  -2.47276342E-03
   999.000000    
   999.000000    
   999.000000    
   999.000000    
  -4.70993342E-03
  -6.88663311E-03
  -1.69419218E-02
   3.34508456E-02
  -2.05833521E-02
  -3.53621021E-02
  -4.46845125E-03
  -1.98429748E-02
  -1.10878330E-02
  -2.77045765E-03
  -3.62120233E-02
  -2.98859775E-02
  -9.38350335E-02
  -3.86413634E-02
   7.66769517E-03
   5.74131496E-03
  -4.54775477E-03
  -1.38689503E-02
  -1.21878637E-02
   3.70191410E-03
   4.14810404E-02
  -1.67045593E-02
  -6.86704740E-02
   1.38832172E-02
  -2.26848703E-02
   1.34436348E-02
   4.81092893E-02
  -3.07272002E-02
  -1.17909499E-02
   8.78174156E-02
   2.51095538E-04
  -4.94427979E-02
  -2.07876284E-02
   7.06650689E-02
   4.57962556E-03
  -6.18952438E-02
  -6.72391802E-02
  -2.40361597E-02
   999.000000    
   999.000000    
   999.000000    
   999.000000    
  -4.45115287E-03
   1.52009213E-03
   9.34371632E-03
   1.91473844E-03
   9.67213046E-03
  -2.16949265E-02
  -3.82261313E-02
  -5.16049303E-02
  -1.63849890E-02
  -9.31980740E-03
  -1.61291994E-02
  -2.93966066E-02
  -6.42622337E-02
  -1.85266379E-02
  -7.76061136E-03
  -3.49884443E-02
  -3.97050530E-02
   8.18387140E-04
   6.09585317E-03
  -1.31724821E-02
  -1.23928143E-02
  -3.00201830E-02
  -7.11698085E-02
  -4.37688418E-02
   1.96452811E-03
  -9.20873228E-03
   3.28025706E-02
  -4.03273739E-02
  -6.48225397E-02
   9.91832372E-03
  -1.97355612E-03
  -3.13973390E-02
   1.49354208E-02
   4.40781265E-02
  -1.04078548E-02
   4.07681800E-03
   3.28721032E-02
   2.23365258E-02
   999.000000    
   999.000000    
   999.000000    
   999.000000    
  -2.37003732E-02
  -3.31324432E-03
  -8.00036080E-03
  -9.27524734E-03
  -1.81667637E-02
  -5.28483279E-03
  -9.37424600E-03
  -5.16965315E-02
  -2.77603138E-02
  -2.22916976E-02
  -1.26895225E-02
  -2.85954941E-02
  -5.47374338E-02
  -3.83161269E-02
   8.55329167E-03
  -3.17436643E-02
  -3.18793170E-02
  -2.14850325E-02
   1.64349750E-02
  -1.59995239E-02
   3.06201950E-02
  -4.46463116E-02
  -7.00862482E-02
  -4.56106812E-02
  -8.23220797E-03
  -9.96892899E-03
  -2.92710457E-02
   2.81267203E-02
  -1.20816156E-02
  -3.45079601E-02
  -4.69227619E-02
   2.30800901E-02
   1.09471818E-02
  -7.44999424E-02
  -3.58672924E-02
  -1.62464324E-02
   2.36252639E-02
   3.79059017E-02
   999.000000    
   999.000000    
   999.000000    
   999.000000    
  -2.78043058E-02
  -3.32128815E-02
  -4.13206294E-02
  -4.37177680E-02
  -9.65817459E-03
  -1.94425937E-02
   1.56420171E-02
  -1.57692395E-02
  -3.78817655E-02
   1.65383914E-03
   5.16018085E-03
  -3.21860798E-02
  -4.86968756E-02
  -7.03284051E-03
   2.63976026E-02
   2.49979962E-02
   3.01413536E-02
  -4.43005264E-02
   2.77884938E-02
  -3.56483422E-02
  -5.15849842E-03
  -7.33355293E-03
  -2.53009927E-02
  -4.38513793E-02
   2.08007656E-02
  -9.31510329E-03
  -2.75234412E-02
   3.20109585E-03
   2.99142133E-02
   1.35973152E-02
  -4.54885960E-02
   7.60943349E-03
   5.21803685E-02
  -3.49261947E-02
  -2.15092283E-02
  -7.67284865E-03
   2.08540093E-02
  -6.81009330E-03
   999.000000    
   999.000000    
   999.000000    
   999.000000    
  -5.17005883E-02
  -1.24837700E-02
   5.55675058E-03
   8.19356181E-04
  -2.35426519E-02
  -1.73457172E-02
  -2.70408466E-02
  -9.34961345E-03
  -4.45031933E-02
  -3.27909142E-02
   1.92530751E-02
  -3.63073722E-02
  -3.89214233E-02
  -2.42179260E-04
   3.16069201E-02
   2.07785014E-02
  -5.69264125E-03
   6.83760922E-03
   8.03946704E-03
  -4.18654690E-03
  -2.73619257E-02
   3.36591676E-02
   1.61292609E-02
   4.50464264E-02
   5.03600873E-02
   1.95780527E-02
   3.59325372E-02
  -4.56735492E-02
   1.03063863E-02
   1.26401624E-02
   1.01914080E-02
  -6.71818927E-02
  -4.29896871E-04
  -4.20324355E-02
  -5.07094264E-02
   9.14107729E-03
  -7.13426201E-03
   2.27339100E-02
   999.000000    
   999.000000    
   999.000000    
   999.000000    
  -6.39035776E-02
  -1.04018506E-02
  -8.17717891E-03
   1.73403826E-02
  -2.01877039E-02
   2.17228592E-03
  -3.98955308E-02
   5.60001284E-03
   1.14158345E-02
  -3.46284844E-02
  -4.73098131E-03
  -2.47130170E-02
  -1.41033428E-02
   6.16599154E-03
   3.61053050E-02
  -3.77170593E-02
  -5.24565615E-02
   1.22330356E-02
   2.19425419E-03
   1.29418932E-02
  -2.42541004E-02
   2.35471409E-02
   8.77295528E-03
   3.48029695E-02
   1.54993208E-02
  -2.73168087E-02
  -1.55613665E-02
  -9.22743324E-03
  -1.63643435E-02
  -1.60880350E-02
  -2.32341830E-02
  -6.94076996E-03
   4.41047922E-02
  -7.35228090E-03
   1.72853675E-02
  -8.11666250E-04
   2.48827599E-03
  -1.81641951E-02
   999.000000    
   999.000000    
   999.000000    
   999.000000    
  -2.71065626E-02
  -4.58100885E-02
  -2.44196542E-02
  -3.52077372E-02
   3.43681988E-03
  -4.45979321E-03
   2.34627165E-02
  -2.25413013E-02
  -1.20446840E-02
  -4.17047739E-03
  -1.84917368E-03
   7.60894874E-03
   7.03607872E-03
   1.28460787E-02
   9.52858664E-03
  -3.86883542E-02
  -1.28277643E-02
   1.58723095E-03
  -7.33356178E-03
  -1.70738958E-02
  -8.12345650E-03
  -2.72237677E-02
   1.56798754E-02
   3.87122924E-03
  -4.87131961E-02
  -3.01146787E-02
   1.68868285E-02
  -2.44838116E-03
  -4.94413711E-02
  -1.39146056E-02
  -4.29043826E-03
  -4.09084857E-02
  -5.89430220E-02
  -2.31344439E-02
  -2.52108853E-02
   2.22467575E-02
  -1.98808145E-02
 -0.119890876    
   999.000000    
   999.000000    
   999.000000    
   999.000000    
  -1.04181496E-02
   3.19960318E-03
   3.04623116E-02
  -2.73011327E-02
   1.61107047E-03
  -3.72985490E-02
  -4.39009024E-03
  -1.28796529E-02
  -2.30624843E-02
   5.69175172E-04
  -2.16434281E-02
  -1.99336298E-02
   2.49408856E-02
  -3.05153336E-02
  -5.16399369E-02
  -2.73814593E-02
  -5.13198320E-03
  -1.08989533E-02
  -4.41109622E-03
  -3.80900837E-02
   5.68974717E-03
  -2.48585530E-02
  -1.43804457E-02
  -1.83492862E-02
  -2.76344437E-02
  -3.71615626E-02
  -3.74129936E-02
  -1.62519468E-03
   1.02823728E-03
  -3.19494158E-02
   7.32376589E-04
   2.69213598E-02
  -5.88004887E-02
  -8.28160904E-03
   4.10880661E-03
   2.65258700E-02
  -1.64023545E-02
  -7.38832578E-02
   999.000000    
   999.000000    
   999.000000    
   999.000000    
  -2.61957617E-03
   1.00173876E-02
   5.74458800E-02
   1.33636855E-02
  -2.76278309E-03
  -8.06711800E-03
  -5.09266853E-02
  -4.36350517E-02
   5.06258309E-02
  -7.52212573E-03
  -1.47963306E-02
   8.10404029E-03
  -1.53084863E-02
  -2.95078475E-02
  -1.51859783E-02
   2.82304008E-02
  -8.99223331E-03
  -4.18628380E-02
  -2.71377247E-02
   6.47602696E-03
  -2.28214934E-02
  -2.10380647E-02
   6.37557963E-03
  -4.57138428E-03
   5.13688326E-02
   4.01826389E-02
  -5.09001985E-02
  -3.46516892E-02
   3.23196799E-02
   4.51695286E-02
   5.10856993E-02
  -2.69689714E-03
  -6.84791571E-03
   3.66050936E-02
  -1.07935248E-02
  -1.47088217E-02
  -1.17231347E-02
   2.63727214E-02
   999.000000    
   999.000000    
   999.000000    
   999.000000    
   3.93182561E-02
  -5.81406755E-03
   2.31831446E-02
   4.77536581E-03
  -2.51881368E-02
   2.14024931E-02
   1.19263241E-02
   3.32802832E-02
  -7.22774584E-03
   1.52838347E-03
   6.66630163E-04
  -1.09061161E-02
  -3.29944072E-04
   2.87116058E-02
  -2.27357578E-02
   4.34989743E-02
   5.37869753E-03
   2.73101177E-04
  -1.42226294E-02
   1.36008998E-02
   4.43459079E-02
  -2.69983243E-02
  -2.91711371E-02
   2.27551237E-02
   3.11872829E-02
   1.58678442E-02
  -1.57848727E-02
  -3.63789946E-02
   5.32816574E-02
   3.59095782E-02
  -9.49732494E-03
  -5.00438325E-02
   3.27652730E-02
   2.63912929E-03
  -4.25426327E-02
  -1.09381787E-02
   4.13963292E-03
   1.79624222E-02
   999.000000    
   999.000000    
   999.000000    
   999.000000    
   1.40518351E-02
  -1.06355185E-02
  -5.62085286E-02
  -2.37874594E-02
   3.94825730E-03
   4.34830561E-02
   4.96796519E-02
   1.00053493E-02
  -3.12160905E-02
  -2.39878632E-02
  -2.18814686E-02
   3.01221758E-02
   1.63567420E-02
  -4.93556634E-02
  -4.10221666E-02
  -4.44246307E-02
   2.64455602E-02
  -2.60895975E-02
  -2.26797424E-02
  -7.97625110E-02
   3.45528089E-02
  -1.33860055E-02
  -3.99273485E-02
   1.41878929E-02
   7.04985717E-03
   7.56906420E-02
   5.64010330E-02
  -5.70557117E-02
  -3.76754999E-02
  -2.91929748E-02
  -6.07706420E-03
   8.34176503E-03
  -4.06933343E-03
  -1.33741125E-02
  -4.50448170E-02
   1.18872579E-02
   8.78456607E-03
  -6.48524463E-02
   999.000000    
   999.000000    
   999.000000    
   999.000000    
  -8.86462536E-03
  -2.23861113E-02
  -1.23929139E-02
  -2.37219855E-02
   3.30778882E-02
   5.41987456E-03
  -8.12148675E-03
  -1.24708889E-02
  -9.37857572E-03
   2.07407624E-02
  -2.81623378E-02
   3.40517610E-02
   3.55853029E-02
  -2.24899445E-02
  -7.72409961E-02
  -5.88855371E-02
   3.93471494E-03
   1.47111025E-02
  -2.09165905E-02
  -5.17288819E-02
   1.21486327E-02
   2.17032265E-02
  -2.65318435E-02
  -1.06805321E-02
   9.57099721E-03
   3.89151797E-02
   4.24801633E-02
   1.98398549E-02
  -2.64709108E-02
  -2.50071846E-02
  -3.20307240E-02
   3.40918638E-02
   3.02099017E-03
  -5.57807982E-02
  -3.49026471E-02
  -2.73813549E-02
   1.33501356E-02
   9.64408275E-03
   999.000000    
   999.000000    
   999.000000    
   999.000000    
  -3.41498815E-02
   1.43656796E-02
   2.18009185E-02
   1.85058471E-02
  -5.37438830E-03
  -1.19477743E-03
  -1.08980248E-02
  -2.24842764E-02
  -3.10950167E-02
   1.56681631E-02
  -1.44716408E-02
   2.66449954E-02
   2.84106247E-02
   1.63451359E-02
   7.58621085E-04
  -2.65577491E-02
  -6.30969927E-02
   2.57019512E-03
   2.31242757E-02
  -5.78314066E-04
  -2.71385852E-02
   1.37832696E-02
  -4.89324927E-02
  -1.33585539E-02
  -2.92483550E-02
   4.37123142E-03
   1.54539188E-02
  -2.74499431E-02
  -1.76619217E-02
   2.52957493E-02
  -1.24508301E-02
   4.48130183E-02
   1.93423182E-02
  -1.68446321E-02
  -8.54004174E-04
   2.03460897E-03
   5.26993116E-03
  -3.82920504E-02
   999.000000    
   999.000000    
   999.000000    
   999.000000    
  -2.71057859E-02
  -3.16709131E-02
  -2.88622491E-02
  -1.60033517E-02
   2.11891830E-02
   5.42797009E-03
  -9.22564045E-03
  -2.74895951E-02
   1.05934646E-02
   9.08824056E-03
   8.43740813E-03
  -1.21280253E-02
   1.78334508E-02
   5.48284035E-03
   4.61305231E-02
   2.23480375E-03
  -3.85818258E-02
  -3.72894146E-02
   1.54144987E-02
  -8.53162073E-03
   8.72346107E-03
   2.66911555E-02
  -2.16066148E-02
   5.04902331E-03
  -1.59514032E-03
   3.53187434E-02
   1.96217429E-02
  -5.56916408E-02
  -1.36476979E-02
   6.42597005E-02
   1.39684090E-03
  -2.09847800E-02
  -8.62000324E-03
  -2.49079634E-02
 -0.102037527    
  -2.90607251E-02
   7.18331663E-03
   4.22806479E-05
   999.000000    
   999.000000    
   999.000000    
   999.000000    
  -1.69508345E-02
  -2.06531417E-02
   3.91110126E-03
  -5.31418342E-03
  -6.35732198E-03
   1.37327155E-02
  -6.65567466E-04
   5.60506061E-03
  -5.88151114E-03
  -7.53114466E-03
  -7.64609128E-02
  -2.87555866E-02
   8.96656420E-03
  -2.32449938E-02
  -2.09926777E-02
  -2.16813125E-02
  -2.64254361E-02
   4.74413224E-02
   4.91434429E-03
  -3.20913456E-02
   9.61347949E-03
   3.55554484E-02
  -5.88523364E-03
  -4.72572036E-02
  -3.47557217E-02
   2.63641141E-02
  -2.87746498E-03
   3.12145725E-02
  -3.08202524E-02
  -3.78976129E-02
   3.02808471E-02
   1.40042314E-02
   3.38635780E-02
   8.88816081E-03
  -6.49113283E-02
  -5.24222106E-03
   2.64712404E-02
   7.00712875E-02
   999.000000    
   999.000000    
   999.000000    
   999.000000    
   999.000000    
   999.000000    
   999.000000    
   999.000000    
   999.000000    
   999.000000    
   999.000000    
   999.000000    
   999.000000    
   999.000000    
   999.000000    
   999.000000    
   999.000000    
   999.000000    
   999.000000    
   999.000000    
   999.000000    
   999.000000    
   999.000000    
   999.000000    
   999.000000    
   999.000000    
   999.000000    
   999.000000    
   999.000000    
   999.000000    
   999.000000    
   999.000000    
   999.000000    
   999.000000    
   999.000000    
   999.000000    
   999.000000    
   999.000000    
   999.000000    
   999.000000    
   999.000000    
   999.000000    
   999.000000    
   999.000000    
   999.000000    
   999.000000    
   999.000000    
   999.000000    
   999.000000    
   999.000000    
   999.000000    
   999.000000    
   999.000000    
   999.000000    
   999.000000    
   999.000000    
   999.000000    
   999.000000    
   999.000000    
   999.000000    
   999.000000    
   999.000000    
   999.000000    
   999.000000    
   999.000000    
   999.000000    
   999.000000    
   999.000000    
   999.000000    
   999.000000    
   999.000000    
   999.000000    
   999.000000    
   999.000000    
   999.000000    
   999.000000    
   999.000000    
   999.000000    
   999.000000    
   999.000000    
   999.000000    
   999.000000    
   999.000000    
   999.000000    
   999.000000    
   999.000000    
