   999.000000    
   999.000000    
   999.000000    
   999.000000    
   999.000000    
   999.000000    
   999.000000    
   999.000000    
   999.000000    
   999.000000    
   999.000000    
   999.000000    
   999.000000    
   999.000000    
   999.000000    
   999.000000    
   999.000000    
   999.000000    
   999.000000    
   999.000000    
   999.000000    
   999.000000    
   999.000000    
   999.000000    
   999.000000    
   999.000000    
   999.000000    
   999.000000    
   999.000000    
   999.000000    
   999.000000    
   999.000000    
   999.000000    
   999.000000    
   999.000000    
   999.000000    
   999.000000    
   999.000000    
   999.000000    
   999.000000    
   999.000000    
   999.000000    
   999.000000    
   999.000000    
   999.000000    
   999.000000    
   999.000000    
   999.000000    
   999.000000    
   999.000000    
   999.000000    
   999.000000    
   999.000000    
   999.000000    
   999.000000    
   999.000000    
   999.000000    
   999.000000    
   999.000000    
   999.000000    
   999.000000    
   999.000000    
   999.000000    
   999.000000    
   999.000000    
   999.000000    
   999.000000    
   999.000000    
   999.000000    
   999.000000    
   999.000000    
   999.000000    
   999.000000    
   999.000000    
   999.000000    
   999.000000    
   999.000000    
   999.000000    
   999.000000    
   999.000000    
   999.000000    
   999.000000    
   999.000000    
   999.000000    
   999.000000    
   999.000000    
  -5.02998419E-02
  -2.69545130E-02
  -2.44102888E-02
  -2.09327452E-02
  -1.73254032E-02
  -3.05655934E-02
  -2.59315409E-02
  -2.26055030E-02
  -2.02630479E-02
  -4.87297140E-02
  -4.02718298E-02
  -1.06478212E-02
  -3.92694809E-02
  -7.11949589E-03
  -1.31462310E-02
  -2.93468293E-02
  -5.92697188E-02
  -3.84325907E-02
  -6.22872971E-02
  -8.71635899E-02
 -0.104863681    
 -0.100866802    
  -7.84656778E-02
  -4.84796427E-02
  -4.20124419E-02
  -2.87650786E-02
  -5.06975912E-02
  -5.34002222E-02
  -2.69646049E-02
  -2.94174836E-03
  -1.50978286E-02
  -5.32099884E-03
  -2.55400594E-02
  -3.02914213E-02
  -2.51464583E-02
  -2.84040663E-02
  -4.30726707E-02
  -2.55424846E-02
   999.000000    
   999.000000    
   999.000000    
   999.000000    
  -3.96534614E-02
  -1.14349080E-02
  -3.21364477E-02
  -1.35520026E-02
  -3.29231322E-02
  -4.46083024E-02
  -4.57093902E-02
  -1.99544313E-03
   1.40126580E-02
  -2.48002466E-02
  -4.37973589E-02
  -4.92962636E-02
  -5.49816228E-02
  -3.72797921E-02
  -2.35444363E-02
  -3.40105630E-02
  -5.81808351E-02
 -0.102999821    
  -9.81594250E-02
  -8.95855278E-02
  -8.98303539E-02
  -8.64290968E-02
  -7.92652592E-02
  -9.31116045E-02
  -5.02669476E-02
  -1.91768669E-02
  -3.24467644E-02
  -6.14339113E-03
   3.59032420E-04
  -1.29996575E-02
  -2.78872089E-03
  -2.38838717E-02
  -4.08794880E-02
  -2.45664380E-02
  -6.68470422E-03
  -1.24765541E-02
  -6.90202182E-03
   1.90416037E-03
   999.000000    
   999.000000    
   999.000000    
   999.000000    
  -3.76576409E-02
  -2.80952398E-02
  -5.30964695E-02
  -5.69555573E-02
  -6.59639295E-03
  -8.01025890E-03
  -2.46728119E-02
   1.08947745E-02
   2.58063544E-02
  -4.25466485E-02
  -2.66501047E-02
  -2.49595270E-02
  -4.25006002E-02
  -2.77431011E-02
  -5.44265248E-02
  -2.82095540E-02
  -3.28290984E-02
  -7.71307051E-02
 -0.113524176    
  -7.86852539E-02
  -5.73176928E-02
  -9.86783803E-02
  -8.61505345E-02
  -7.20480829E-02
  -3.58838774E-02
  -2.72575468E-02
   1.54591165E-03
  -2.78216292E-04
  -6.69949315E-03
  -1.39700314E-02
  -4.01624665E-02
  -4.20859046E-02
  -5.50534055E-02
  -3.82332355E-02
  -2.10007895E-02
   1.01567173E-04
  -1.26496041E-02
   3.90745583E-04
   999.000000    
   999.000000    
   999.000000    
   999.000000    
  -3.89939733E-02
  -2.00235806E-02
  -1.20409636E-03
  -3.25015113E-02
  -1.32991942E-02
   1.04046776E-03
   7.01322034E-03
   3.94302141E-03
  -2.72338223E-02
  -3.43682803E-02
  -2.24783719E-02
  -4.95582558E-02
  -3.07593811E-02
  -3.92945409E-02
  -3.71452123E-02
  -5.31459898E-02
  -6.53263852E-02
  -3.93564329E-02
  -3.96991670E-02
  -5.17226085E-02
  -4.54023667E-02
  -5.87583594E-02
  -4.15132828E-02
  -4.39558141E-02
  -4.27346341E-02
  -6.91466331E-02
  -2.27738209E-02
  -4.84888954E-03
  -1.14316298E-02
  -2.19336823E-02
  -4.44183275E-02
  -5.91923930E-02
  -4.81395051E-02
  -2.81653646E-02
  -4.59785946E-02
  -6.27971115E-03
  -8.66503734E-03
  -1.51754823E-02
   999.000000    
   999.000000    
   999.000000    
   999.000000    
  -1.40623748E-02
  -8.02330207E-03
   2.20064390E-02
  -5.35324216E-03
  -2.76739988E-02
  -9.41286702E-03
  -7.39639904E-03
  -1.30232461E-02
  -3.06019448E-02
  -1.27387233E-02
  -3.20243128E-02
  -2.73430925E-02
   8.77400395E-03
  -1.38264420E-02
  -5.91168087E-03
  -4.09561992E-02
  -3.08519918E-02
  -4.85719591E-02
  -1.99914109E-02
  -1.21968985E-02
  -3.63201997E-03
   6.40512723E-03
  -4.32147309E-02
  -3.42518613E-02
  -3.11160330E-02
  -3.42821814E-02
  -3.60015929E-02
  -2.09060181E-02
  -2.98611242E-02
  -4.76397462E-02
  -3.89439091E-02
  -5.85288815E-02
  -5.89613169E-02
  -3.37450542E-02
  -5.13642021E-02
  -2.42751297E-02
  -9.34212003E-03
  -7.22639337E-02
   999.000000    
   999.000000    
   999.000000    
   999.000000    
  -3.37851793E-02
   6.52174512E-03
  -3.98010127E-02
  -3.01589034E-02
  -2.18815468E-02
   4.62177442E-03
  -3.86122465E-02
  -3.14202756E-02
  -3.82625982E-02
  -4.35780101E-02
  -1.88774392E-02
  -2.84489114E-02
  -6.33976469E-03
  -3.92881501E-03
  -1.80841144E-02
  -2.79831886E-02
  -1.94956753E-02
  -3.79080474E-02
  -1.65023305E-03
   2.49051694E-02
  -9.81347822E-03
   9.35211778E-03
  -1.59094911E-02
  -4.05774973E-02
  -6.60175504E-03
  -2.78375037E-02
  -5.26282527E-02
  -5.49054034E-02
  -6.55616447E-02
  -6.15631677E-02
  -4.50422466E-02
  -8.37951973E-02
  -5.64530753E-02
  -5.25802150E-02
  -4.69314344E-02
  -3.83796655E-02
  -4.24528532E-02
  -6.01636842E-02
   999.000000    
   999.000000    
   999.000000    
   999.000000    
  -2.11776569E-02
  -3.68824117E-02
  -4.78137769E-02
   9.74377710E-03
  -1.14805913E-02
  -4.62894104E-02
  -4.77829538E-02
  -5.47226667E-02
  -3.00811026E-02
  -2.58871447E-02
  -2.49247476E-02
  -3.26189101E-02
  -3.76609862E-02
   7.90601969E-03
  -2.62253471E-02
  -5.09321764E-02
   7.17743440E-03
   2.72890627E-02
   3.81058231E-02
   1.09403953E-02
  -1.37731871E-02
  -2.67672464E-02
  -7.26241036E-04
  -1.51150264E-02
  -4.27317545E-02
  -3.61053534E-02
  -1.42005226E-02
  -2.66831331E-02
  -3.42827067E-02
  -3.70344445E-02
  -5.08995876E-02
  -6.52017817E-02
 -0.108866967    
  -4.45539616E-02
  -3.79498377E-02
  -7.61510208E-02
  -5.35106249E-02
  -5.12483679E-02
   999.000000    
   999.000000    
   999.000000    
   999.000000    
  -2.93478109E-02
  -4.31754366E-02
  -2.69476194E-02
  -2.12099776E-02
  -9.37945588E-05
  -2.40412932E-02
  -3.67490612E-02
  -3.91372591E-02
  -4.56461729E-03
   2.29340140E-03
  -4.29724455E-02
  -3.66718657E-02
  -1.70943588E-02
  -6.16790276E-05
   2.26687733E-02
   2.36422271E-02
   4.90983836E-02
   4.97507490E-02
  -3.82106262E-03
  -2.54456215E-02
  -1.04341917E-02
  -9.69661679E-03
   8.26747995E-03
  -2.26517138E-03
  -2.31878031E-02
  -3.85574661E-02
  -1.50935035E-02
  -1.95353874E-03
  -2.91103926E-02
  -5.85370623E-02
  -4.28993851E-02
  -4.28169519E-02
  -6.37616962E-02
  -6.57754540E-02
  -9.78821591E-02
  -8.62109736E-02
  -5.23950830E-02
  -6.59832358E-02
   999.000000    
   999.000000    
   999.000000    
   999.000000    
  -7.32778944E-03
  -5.87222613E-02
  -4.99584079E-02
  -1.72481108E-02
  -7.27157062E-03
  -2.53610704E-02
  -1.78754106E-02
  -3.29453126E-02
   2.75846086E-02
   1.52074425E-02
   8.70497432E-03
   2.84313746E-02
   3.81878279E-02
   5.45503162E-02
   4.10669893E-02
   3.49827372E-02
   1.07938722E-02
   1.45004503E-02
  -1.21978729E-03
  -1.21285692E-02
  -1.53067000E-02
  -4.63574976E-02
  -2.49841362E-02
  -2.53301933E-02
  -4.36400250E-03
  -1.48925381E-02
  -9.24870465E-03
  -6.07886026E-03
  -2.33490728E-02
  -4.58783284E-02
  -4.93904278E-02
  -4.25117463E-02
  -2.58425809E-02
  -3.75532657E-02
  -6.92022741E-02
  -5.22856303E-02
  -6.23793378E-02
  -5.75622767E-02
   999.000000    
   999.000000    
   999.000000    
   999.000000    
  -4.52906229E-02
  -6.67924434E-02
  -5.19969799E-02
  -6.55949232E-04
  -3.13043483E-02
  -1.98942646E-02
   1.21722389E-02
   1.10740941E-02
  -1.54030882E-03
  -2.81478968E-02
   2.10408177E-02
  -4.92239697E-03
   3.76659818E-02
   5.11904880E-02
  -1.86210349E-02
  -5.13452813E-02
  -1.81003619E-04
   3.44462506E-02
   6.94764638E-03
   6.82688411E-03
  -1.65150370E-02
  -4.65372317E-02
  -4.10350561E-02
  -2.20316611E-02
  -1.19708339E-02
  -3.58416722E-03
  -2.14984175E-02
  -5.55314831E-02
  -3.94603275E-02
  -1.63621251E-02
  -4.80258539E-02
  -2.75371131E-02
  -1.03043234E-02
  -1.05483504E-03
  -9.33688250E-04
  -2.35008541E-02
  -2.80630067E-02
  -4.68938686E-02
   999.000000    
   999.000000    
   999.000000    
   999.000000    
  -3.78099494E-02
  -2.46628299E-02
  -3.22090127E-02
  -2.12063864E-02
  -2.34304238E-02
   7.76256714E-03
   1.98436882E-02
   2.38570292E-02
   1.55490302E-02
  -6.98350696E-03
  -1.96971763E-02
  -8.48015584E-03
   4.36150469E-03
  -1.69959236E-02
  -1.43121006E-02
  -1.42781027E-02
  -4.14595380E-02
  -1.96265262E-02
  -3.07000633E-02
  -2.04484477E-05
  -1.50822476E-02
  -1.93938520E-02
  -1.45275267E-02
   6.66119996E-03
  -5.44205261E-03
  -2.31998228E-02
  -3.13471481E-02
  -5.91578819E-02
  -5.18750772E-02
  -9.53324512E-03
  -1.96391139E-02
   1.27478791E-02
   1.19549567E-02
   2.55534705E-02
  -2.60778777E-02
  -5.46747632E-02
  -2.27253176E-02
  -2.14187969E-02
   999.000000    
   999.000000    
   999.000000    
   999.000000    
  -1.69680864E-02
  -3.83167528E-02
  -5.17595410E-02
  -2.49911733E-02
  -2.99102743E-03
   1.73472706E-02
  -7.69637804E-03
  -1.83703541E-03
   2.68456992E-02
  -1.48060117E-02
  -3.23511437E-02
  -2.49474812E-02
   1.19968485E-02
  -4.54508374E-03
  -1.84953641E-02
  -1.27683068E-02
  -3.61253172E-02
  -7.67236389E-03
   7.93466112E-04
  -9.98966303E-03
  -2.06512604E-02
  -2.49255765E-02
  -7.46651087E-03
  -1.20337605E-02
  -1.53950765E-03
  -5.06652519E-02
  -3.20144147E-02
  -2.61745006E-02
  -4.83214036E-02
  -4.55387160E-02
  -6.19190792E-03
  -1.51738171E-02
  -2.60143355E-02
  -1.95347834E-02
  -1.07221669E-02
  -2.88083460E-02
   8.47683847E-03
  -2.72830622E-03
   999.000000    
   999.000000    
   999.000000    
   999.000000    
  -4.49041277E-02
  -7.97325838E-03
  -1.67508610E-02
  -2.96952296E-02
  -3.53351720E-02
   9.64388438E-03
  -1.56727210E-02
  -2.95987651E-02
  -8.66803434E-03
  -2.17968971E-02
  -1.86818130E-02
   1.12268166E-03
  -2.52341479E-03
  -8.06170236E-03
  -4.39206176E-02
  -5.19501558E-03
  -3.96107882E-03
  -4.95592225E-03
   2.70656473E-03
  -1.79250222E-02
  -1.94735695E-02
  -3.01545840E-02
  -4.40031663E-02
  -1.81549173E-02
  -2.90844999E-02
  -2.50062775E-02
  -1.16434554E-02
  -1.47188473E-02
  -3.80819216E-02
  -4.14710045E-02
  -3.20084393E-02
  -2.69982293E-02
  -1.72159411E-02
  -6.84020715E-03
  -1.51936961E-02
  -2.17290930E-02
  -3.36256288E-02
  -1.96565520E-02
   999.000000    
   999.000000    
   999.000000    
   999.000000    
  -1.54784573E-02
  -5.36722131E-02
  -2.59372983E-02
  -1.15155224E-02
  -3.15548177E-03
  -1.95431430E-02
  -4.09073159E-02
  -2.27083266E-02
  -1.71985961E-02
  -8.23979732E-03
  -2.03696396E-02
   8.41720263E-04
  -3.54241058E-02
  -6.82338402E-02
  -3.56193893E-02
  -2.27078497E-02
  -4.96581523E-03
  -1.03829429E-02
  -1.94913354E-02
  -2.15007793E-02
  -2.92239878E-02
  -2.68870145E-02
  -3.39395404E-02
  -4.73254435E-02
  -1.14127267E-02
  -3.97403724E-03
  -2.22953614E-02
   2.69798096E-03
  -2.99356766E-02
  -2.03542393E-02
  -2.16632225E-02
  -1.69054267E-03
  -4.83399868E-04
  -2.02468410E-02
  -1.20239723E-02
  -2.84040440E-02
  -3.80735323E-02
  -5.36066517E-02
   999.000000    
   999.000000    
   999.000000    
   999.000000    
  -3.78138758E-02
  -4.76279333E-02
  -3.31504382E-02
  -1.74526293E-02
  -1.49945850E-02
  -2.28110589E-02
  -1.87250469E-02
  -2.05187239E-02
  -2.69550215E-02
  -1.77889969E-02
  -4.25466597E-02
  -2.45637279E-02
  -1.74199883E-02
   5.24903182E-03
  -8.75126757E-03
  -1.24968635E-02
  -1.60266403E-02
  -3.45333591E-02
  -1.51649397E-02
  -7.63966097E-03
  -3.41425948E-02
  -1.89034790E-02
  -3.30834687E-02
  -1.03449281E-02
   1.73719507E-02
   6.12214953E-03
  -1.81630179E-02
  -3.80328530E-03
  -6.91100210E-03
  -8.16282118E-04
   1.77246854E-02
  -3.63137410E-03
  -1.74894985E-02
  -7.17198360E-04
  -1.70376524E-02
  -1.75748412E-02
  -1.33110359E-02
   9.19963792E-03
   999.000000    
   999.000000    
   999.000000    
   999.000000    
  -1.40818805E-02
  -3.78155373E-02
  -2.45364867E-02
  -1.50543097E-02
  -3.51439863E-02
  -2.08494850E-02
  -8.03356990E-03
  -1.90986879E-02
  -7.03085354E-03
   1.47791440E-02
  -6.56499062E-04
  -2.80227624E-02
  -5.83236031E-02
   1.25724869E-02
   6.03812700E-03
  -4.85684238E-02
  -4.56831679E-02
  -2.79941559E-02
  -2.44754702E-02
  -1.95536353E-02
  -2.68562697E-02
  -1.92378517E-02
  -1.87407862E-02
  -2.38363333E-02
  -2.41417363E-02
  -2.48614382E-02
  -2.76101287E-02
  -3.88297252E-02
  -3.85630913E-02
  -1.14772096E-02
   4.37883586E-02
  -2.83019152E-03
  -1.85275171E-02
  -2.02511325E-02
  -2.28120144E-02
  -2.32177544E-02
  -1.80484317E-02
   1.31213805E-02
   999.000000    
   999.000000    
   999.000000    
   999.000000    
  -4.03675297E-03
   1.34854754E-02
  -3.25630270E-02
  -3.37246023E-02
  -5.67332283E-02
  -8.56691413E-03
  -8.32369365E-03
  -3.29746976E-02
  -5.77229373E-02
   2.97370981E-02
   1.26779694E-02
  -3.66691314E-02
  -4.84481230E-02
  -2.38355175E-02
  -3.27303521E-02
  -2.89501287E-02
  -7.81147853E-02
  -1.23783657E-02
  -4.94751148E-02
  -4.56095003E-02
  -3.79938893E-02
  -2.87540257E-02
  -1.37383509E-02
   4.51837853E-03
  -1.43295601E-02
  -1.41585702E-02
  -3.06039061E-02
  -1.95000470E-02
  -6.71736524E-02
  -6.18707463E-02
   1.40074380E-02
  -1.14358461E-03
  -1.40902875E-02
   3.33138485E-03
  -3.92521359E-02
  -1.06794704E-02
  -1.95035581E-02
  -1.44614493E-02
   999.000000    
   999.000000    
   999.000000    
   999.000000    
  -3.36897187E-02
  -4.33176802E-03
   5.03839133E-03
  -1.20787397E-02
  -1.60054117E-02
  -6.69027120E-03
  -1.29933981E-02
  -8.83094873E-03
  -5.03646163E-03
   3.00935330E-03
  -3.46219307E-03
   2.03564353E-02
  -5.18334098E-03
  -3.41876633E-02
  -1.54712806E-02
  -3.52253811E-03
  -3.70720215E-02
  -5.56428544E-02
  -5.27491570E-02
  -2.22884938E-02
  -2.12743389E-03
   8.13120510E-03
   4.44470644E-02
   1.98658109E-02
  -1.92348100E-02
  -9.76711139E-03
   5.43043576E-03
  -1.69926640E-02
  -2.45042797E-02
  -2.77089402E-02
   1.11048808E-04
  -1.25536136E-02
  -3.16333771E-02
  -3.23261693E-02
  -2.71924157E-02
   7.11584371E-03
   2.78877690E-02
  -8.46349075E-03
   999.000000    
   999.000000    
   999.000000    
   999.000000    
  -1.45050976E-02
  -5.87333292E-02
  -2.21849023E-03
   1.92999467E-02
  -4.58535179E-02
  -3.29978056E-02
  -1.96781699E-02
  -1.58934556E-02
   4.79956530E-03
  -1.40142534E-02
  -1.56881530E-02
  -9.14632063E-03
  -2.65961476E-02
  -3.03442609E-02
  -3.97603028E-02
  -1.83969960E-02
   3.25189205E-03
  -1.69430561E-02
  -2.18597762E-02
  -1.65223107E-02
  -2.49712281E-02
   1.52928401E-02
   1.55139072E-02
  -1.26436129E-02
  -3.83846089E-02
  -1.59776341E-02
   2.28207856E-02
  -3.96135524E-02
  -8.36537313E-03
  -1.46646043E-02
  -6.00476190E-03
  -7.81646930E-03
  -3.41730602E-02
  -5.19915782E-02
   3.99359036E-03
   9.93924122E-03
  -1.58708487E-02
   6.00843830E-03
   999.000000    
   999.000000    
   999.000000    
   999.000000    
  -1.01992423E-02
  -2.74353623E-02
  -1.01996250E-02
   7.20950495E-03
   7.64656905E-03
  -2.52986457E-02
  -6.83070254E-03
  -2.08425727E-02
  -2.15407368E-02
  -5.77370753E-04
  -1.38845099E-02
   2.39342684E-03
   8.85030348E-03
  -4.72116023E-02
  -3.90807837E-02
  -3.49594355E-02
  -1.75123364E-02
   1.29055213E-02
   6.70180703E-03
  -1.41284848E-03
  -1.35791199E-02
  -6.18388120E-04
   2.02646609E-02
  -1.76610537E-02
  -9.26688034E-03
   1.50444731E-02
   3.28010973E-03
   1.16706686E-02
   2.76104435E-02
   1.19620245E-02
  -1.32206408E-03
  -1.34601826E-02
  -1.61822289E-02
  -3.04531958E-02
  -1.64512210E-02
  -4.69625518E-02
  -4.14426066E-02
   1.82019956E-02
   999.000000    
   999.000000    
   999.000000    
   999.000000    
  -8.47488921E-03
  -2.95487940E-02
  -1.49440086E-02
   1.08651891E-02
   4.70465142E-03
   8.67384393E-03
   1.00520290E-02
  -3.35993059E-02
  -2.71180645E-02
  -1.50156040E-02
  -1.66895557E-02
   2.32767258E-02
  -9.88777913E-03
  -3.76102328E-02
   1.93677656E-03
  -7.22269714E-03
   1.02939121E-02
   4.60479583E-04
   2.41821092E-02
   1.63847562E-02
   1.60063487E-02
  -7.21886894E-03
   3.24987713E-03
  -2.05371734E-02
  -1.29703125E-02
  -7.82107748E-03
   7.15955021E-03
   2.35554259E-02
   8.37138668E-03
   8.99600610E-03
  -1.78419929E-02
  -1.12954872E-02
   1.98072996E-02
  -1.07366154E-02
  -1.96474213E-02
  -2.56824028E-02
  -3.25447433E-02
  -5.41417524E-02
   999.000000    
   999.000000    
   999.000000    
   999.000000    
  -4.61791642E-03
  -5.70725370E-03
  -2.77268067E-02
   1.95394158E-02
   9.66569502E-03
   5.83279994E-04
  -5.14661847E-03
   9.41018388E-03
  -3.31083708E-03
   1.16749257E-02
   8.08511302E-03
   1.35360647E-03
   1.03505340E-03
  -2.41400953E-02
   9.79611091E-03
   7.20203912E-04
   1.12825101E-02
   1.00507336E-02
   4.44637313E-02
  -8.63962900E-03
  -1.62207671E-02
  -1.00662177E-02
   3.42007983E-03
  -8.23862012E-03
  -2.50972528E-02
  -2.83564180E-02
   3.32001671E-02
   6.67818729E-03
  -1.38675356E-02
   2.88963784E-02
  -2.62324736E-02
  -3.04512195E-02
  -1.73461512E-02
  -9.63787641E-03
  -2.94280909E-02
   2.16113981E-02
  -1.64344087E-02
  -8.98924656E-04
   999.000000    
   999.000000    
   999.000000    
   999.000000    
   1.90686509E-02
   2.27733003E-03
  -2.25538015E-02
  -1.52879646E-02
  -3.79239628E-03
   2.65271077E-03
  -2.87746591E-03
   8.68879259E-03
   3.50346342E-02
  -6.17880514E-03
   4.33756039E-02
   1.80016756E-02
  -5.60146989E-03
   3.85913742E-03
   3.81059386E-02
   3.06050340E-03
  -1.21833291E-02
  -2.62068189E-03
  -1.58517330E-03
   9.44217108E-03
  -3.38781136E-03
  -8.65029637E-03
  -3.62471631E-03
   2.49685068E-02
  -1.40292970E-02
  -2.84155756E-02
   3.32844025E-03
  -6.55435841E-04
   2.60083880E-02
   1.87708233E-02
   7.78039591E-03
   1.85170118E-03
  -2.99189333E-02
  -2.28835661E-02
   1.38775008E-02
  -2.10055485E-02
  -1.52928513E-02
  -4.09494229E-02
   999.000000    
   999.000000    
   999.000000    
   999.000000    
   1.40311057E-02
   6.37115631E-03
  -1.88969672E-02
  -9.91522241E-03
  -6.50735293E-03
  -8.64931382E-03
   2.26290841E-02
  -1.29941935E-02
   5.70645509E-03
  -2.09868257E-03
   7.22597912E-03
  -1.57186575E-02
  -3.85830342E-03
  -5.31722466E-03
   3.28423223E-03
  -7.38247251E-03
   1.38731906E-02
   1.52677950E-02
   2.00935397E-02
   2.18665488E-02
   1.73069481E-02
   2.48757116E-02
  -1.03885140E-02
   1.11780558E-02
   2.57608201E-03
   1.08076455E-02
  -2.74411608E-02
   6.08788617E-03
   3.89145166E-02
   2.14501433E-02
  -2.98103187E-02
  -2.96018366E-02
  -8.40301346E-03
  -8.65012780E-03
  -2.62704125E-04
   1.28650321E-02
   8.94778408E-03
   7.79678626E-03
   999.000000    
   999.000000    
   999.000000    
   999.000000    
  -8.79564416E-03
   5.40552987E-03
  -5.68024348E-03
  -1.33684184E-02
   9.68870148E-03
  -2.27737594E-02
  -3.19579104E-03
   2.48088390E-02
   1.61913037E-02
  -1.91800427E-02
  -1.69307254E-02
   4.97901859E-03
  -5.12925163E-03
  -2.46526748E-02
  -4.48312471E-03
   2.61924174E-02
   1.31989513E-02
  -7.35049602E-03
  -3.04000545E-03
  -9.56084579E-03
   5.39535098E-03
   2.34172400E-02
   2.54673213E-02
   2.16236897E-02
   3.53881456E-02
   4.39787805E-02
   2.27752253E-02
   2.12507788E-02
   9.36697423E-03
  -1.36090601E-02
   1.65674239E-02
  -2.93809772E-02
  -5.66769466E-02
   1.88698247E-02
   3.84142995E-02
   2.88632941E-02
  -3.17424648E-02
   3.04169906E-03
   999.000000    
   999.000000    
   999.000000    
   999.000000    
  -2.25678887E-02
  -2.87727290E-03
   2.29111221E-02
   9.43817664E-03
   2.67703049E-02
   1.20315840E-02
   1.74178407E-02
   1.01526072E-02
  -1.13505106E-02
   8.35780986E-03
   2.27654148E-02
  -1.33220130E-03
   1.52458390E-02
   1.67032555E-02
   4.55783978E-02
   3.43717225E-02
   1.36432645E-03
  -2.94900523E-03
   1.50940446E-02
   2.88027041E-02
   2.74069631E-03
  -2.74921805E-02
   1.97516754E-02
  -1.56144444E-02
   3.47604565E-02
   4.18758690E-02
  -2.85969977E-03
  -3.07490560E-03
   2.53990982E-02
   1.36398000E-03
  -2.56319307E-02
   1.84957031E-02
   1.57626607E-02
   3.66002158E-03
   3.19851469E-03
  -5.27004059E-03
  -2.02878565E-02
  -4.74938601E-02
   999.000000    
   999.000000    
   999.000000    
   999.000000    
  -1.08958781E-02
  -1.21987294E-02
   1.12722721E-02
   3.45002562E-02
   3.12284380E-02
   4.84306328E-02
   5.12795188E-02
   1.61476731E-02
   5.55468760E-02
   4.40726057E-02
  -1.38676614E-02
   7.03258906E-03
   1.39662400E-02
  -1.53002087E-02
  -4.50549880E-03
   1.42022837E-02
   1.99013222E-02
  -1.01838866E-02
  -3.60850687E-03
   1.87313762E-02
   6.20914390E-03
   1.96326245E-02
  -5.84906526E-03
   9.85906832E-03
  -4.54550385E-02
  -1.16883991E-02
   4.16420028E-02
   9.43416823E-03
   1.97134670E-02
   8.51380080E-03
  -1.83655918E-02
  -2.54121516E-03
  -7.39508658E-04
  -4.88138013E-03
   8.72935355E-03
  -2.51551177E-02
  -2.90522669E-02
  -1.92193445E-02
   999.000000    
   999.000000    
   999.000000    
   999.000000    
  -8.25841445E-03
   3.26997377E-02
   5.27098067E-02
   4.25361432E-02
   2.73043849E-02
   1.00751193E-02
   4.83050011E-02
   1.09411823E-02
  -1.34888440E-02
  -3.47953150E-03
  -7.88300298E-03
  -3.22969817E-02
   1.79001465E-02
   2.73635369E-02
  -2.74551064E-02
  -1.00769484E-02
  -4.34565794E-04
   2.75080130E-02
   2.40710527E-02
   8.22982844E-03
   2.71091121E-03
  -1.90144274E-02
  -1.03182700E-02
   5.94632188E-03
   2.65076403E-02
  -4.07204637E-03
   3.15202437E-02
   1.09882988E-02
   7.53418915E-03
  -1.97155271E-02
  -4.59785648E-02
  -2.25534551E-02
   4.07114252E-02
  -7.71340281E-02
  -4.63132933E-02
  -2.03333907E-02
   1.61203404E-03
   9.08996537E-03
   999.000000    
   999.000000    
   999.000000    
   999.000000    
  -1.89054366E-02
   2.37094332E-02
   5.63697219E-02
   4.88377810E-02
   4.85442095E-02
  -7.11034925E-04
   2.18716916E-03
   1.95877310E-02
   3.78432893E-03
  -4.42662276E-02
   2.34070048E-02
   8.50003213E-03
  -1.27418060E-02
  -2.52214097E-03
  -3.55820209E-02
   5.43886470E-03
   1.93620399E-02
   9.71094519E-03
  -1.43072912E-02
   3.27871367E-02
   1.39407404E-02
   9.92931542E-04
  -4.02993569E-03
  -9.14979912E-03
   4.02728617E-02
   7.57679623E-03
  -6.78132940E-03
   1.00684930E-02
  -5.38069103E-03
  -1.31780729E-02
  -1.35086933E-02
   1.15187299E-02
   1.73246525E-02
   1.43817021E-03
  -1.13888802E-02
  -6.65805722E-03
   1.09933764E-02
  -5.72362263E-03
   999.000000    
   999.000000    
   999.000000    
   999.000000    
   1.12414174E-02
  -6.37865378E-05
   1.52628757E-02
   1.42159397E-02
  -1.99582409E-02
  -1.90229737E-04
  -3.19189429E-02
  -1.67900726E-04
  -9.53469425E-03
  -8.71223304E-03
  -2.33773366E-02
   1.29511990E-02
  -1.55502073E-02
   7.99951376E-05
   7.79510476E-03
  -9.71811078E-03
   2.01629307E-02
   3.31076384E-02
   2.33348738E-03
  -1.09116277E-02
   1.25786662E-02
   1.99815705E-02
   5.44170570E-03
   1.54577056E-02
  -2.44167186E-02
   1.15156239E-02
  -4.34892671E-03
  -7.91333150E-03
   3.70748118E-02
   2.39898376E-02
   2.07983516E-02
   1.41152889E-02
  -6.44714572E-04
  -1.57899995E-04
  -1.84941422E-02
  -2.55039874E-02
   1.28677683E-02
  -1.25013469E-02
   999.000000    
   999.000000    
   999.000000    
   999.000000    
   4.01929516E-04
  -2.82020215E-02
  -3.83389853E-02
   3.48562421E-03
   9.86953382E-04
  -2.22302862E-02
  -3.69365583E-03
   1.24268858E-02
  -1.06248502E-02
   1.38960965E-03
   1.88335255E-02
   2.92841382E-02
  -2.21659113E-02
  -1.24107450E-02
   1.32800424E-02
  -3.80170089E-03
  -3.45613360E-02
  -2.50435509E-02
  -9.25801229E-03
  -6.25093281E-03
  -2.84837163E-03
  -1.55111626E-02
   2.75361747E-03
  -1.58767104E-02
  -1.98050379E-03
   9.92906978E-04
   2.26690131E-03
  -3.39219347E-02
   1.56055635E-03
   5.56053407E-02
   1.67884734E-02
  -1.56016350E-02
  -6.26378506E-03
   3.35492790E-02
   1.34821357E-02
  -1.05141019E-02
   6.88671228E-03
   1.15556819E-02
   999.000000    
   999.000000    
   999.000000    
   999.000000    
  -3.63817206E-03
  -2.21729819E-02
  -3.02389935E-02
  -1.04080494E-02
   1.74647977E-03
  -8.44373088E-03
  -1.98144987E-02
   1.07836211E-02
   2.19309907E-02
  -6.02673786E-03
   7.45432964E-03
  -8.74080788E-03
  -9.26707813E-04
  -1.47637445E-02
  -6.31767418E-03
  -1.84283573E-02
  -2.16618716E-03
   1.90858711E-02
   1.52677568E-02
  -6.79146266E-03
  -3.24282162E-02
  -2.85658445E-02
  -1.97486803E-02
  -2.64610760E-02
  -1.94997992E-02
  -5.18562552E-03
  -1.16896490E-02
  -3.72655084E-03
  -1.04680459E-03
  -1.17694112E-02
  -5.61734475E-03
   9.94692650E-03
   5.11730872E-02
   5.39228730E-02
   3.13691869E-02
   2.37674341E-02
   2.37249564E-02
   3.40581797E-02
   999.000000    
   999.000000    
   999.000000    
   999.000000    
   6.83494261E-04
   3.25699337E-02
  -8.25449068E-04
  -3.43539901E-02
  -2.62492057E-03
  -9.07985214E-03
   9.00366157E-03
   4.24598902E-02
   4.73504402E-02
   4.95745875E-02
  -3.54958400E-02
  -2.60455403E-02
   2.26997025E-02
   1.25366878E-02
  -3.86399776E-02
   1.52091710E-02
   7.01883854E-03
   3.52468435E-03
   1.25622926E-02
   9.69565939E-03
   2.75473576E-02
   6.38533290E-03
  -3.61283608E-02
  -2.35980679E-03
  -3.78142036E-02
  -2.83904001E-02
  -3.23250033E-02
  -2.48468574E-03
   5.50753810E-02
  -3.18144285E-03
   8.78788996E-03
   2.03308184E-02
   4.59330939E-02
   3.99071425E-02
   3.05364300E-02
   4.12077829E-02
   2.03346536E-02
  -1.53576108E-02
   999.000000    
   999.000000    
   999.000000    
   999.000000    
   2.77480353E-02
  -1.17158303E-02
  -7.12283095E-03
   3.75328469E-04
   3.41152512E-02
  -1.10880714E-02
  -2.88655609E-02
   2.82849278E-02
   2.94391848E-02
   5.14192767E-02
  -2.95072552E-02
  -3.73070594E-04
  -2.30276812E-04
   3.67461108E-02
   2.37542018E-03
   4.08701152E-02
   2.71479171E-02
  -1.16280131E-02
   2.88304444E-02
   5.18160239E-02
   5.11929728E-02
   3.71729173E-02
   4.09474177E-03
   4.34388267E-03
  -8.33945069E-03
  -4.78230231E-02
  -4.61938605E-02
   8.46997090E-03
   2.52496246E-02
   2.61028204E-02
   5.96501194E-02
   4.81113195E-02
   1.48978420E-02
   2.68885493E-02
   5.74573800E-02
  0.105502822    
   2.36181468E-02
   1.62618812E-02
   999.000000    
   999.000000    
   999.000000    
   999.000000    
   2.72610765E-02
  -3.86288129E-02
  -2.70000380E-02
   1.53805958E-02
  -9.15277936E-03
  -1.76049769E-02
  -3.54000106E-02
  -1.92727707E-02
  -3.17431763E-02
  -1.50099420E-03
   1.76956970E-02
   9.48695000E-03
  -4.84437961E-03
   1.69724692E-02
  -1.21270847E-02
   2.28086729E-02
   6.55601248E-02
   2.28461567E-02
   3.98720689E-02
   4.71544415E-02
  -1.17508986E-03
   1.58487186E-02
   8.21435153E-02
   2.98207104E-02
   1.74917020E-02
   2.57429332E-02
  -3.57021083E-04
  -1.94124579E-02
  -1.11509170E-02
  -1.59817915E-02
  -1.15210225E-03
   3.32851782E-02
   5.83656058E-02
   3.48384231E-02
   8.43157351E-04
  0.100732632    
   5.69569543E-02
   2.51722671E-02
   999.000000    
   999.000000    
   999.000000    
   999.000000    
   2.36832001E-03
  -4.17820588E-02
  -7.03088334E-03
   2.78762113E-02
  -2.46027228E-03
  -4.43754382E-02
  -1.67735480E-02
  -1.43833226E-02
   9.30670369E-03
  -2.10276563E-02
  -4.88607446E-03
  -4.78615761E-02
  -2.64811460E-02
   2.37143226E-02
   3.22910622E-02
   4.38139541E-03
  -5.43614477E-03
   4.60001715E-02
   4.11670841E-02
   6.15339400E-03
   4.61060256E-02
   5.81538230E-02
   9.86752808E-02
   9.81425866E-02
   7.26084262E-02
   5.70447147E-02
   3.57756540E-02
  -4.91447337E-02
  -3.34497020E-02
  -5.18482327E-02
  -6.72332123E-02
   1.74400788E-02
   3.56532745E-02
  -2.62320265E-02
   4.74485382E-02
   3.36245559E-02
   4.87479977E-02
   2.45706365E-02
   999.000000    
   999.000000    
   999.000000    
   999.000000    
   4.25517838E-03
   5.39568625E-03
  -6.87486492E-03
   1.97260156E-02
   2.56606285E-02
  -4.76385653E-02
  -2.05703005E-02
  -1.38171455E-02
   3.21606435E-02
  -1.20271835E-02
  -5.93906492E-02
  -4.98090014E-02
  -1.58475321E-02
   1.23775648E-02
  -2.02960819E-02
  -2.97064055E-02
   4.27264497E-02
  0.109605163    
   4.55793068E-02
   5.37480637E-02
   6.54575303E-02
   5.78609481E-02
   3.49186957E-02
   4.90847640E-02
   5.86972609E-02
   4.89601642E-02
   1.35678770E-02
  -3.29831168E-02
  -2.12067887E-02
  -1.54108219E-02
  -2.73119360E-02
  -1.12201401E-03
   1.67796034E-02
   6.64940402E-02
   2.58629723E-03
  -1.60415675E-02
  -2.28687450E-02
  -1.37025341E-02
   999.000000    
   999.000000    
   999.000000    
   999.000000    
  -4.88219187E-02
   2.56342124E-02
   2.00180113E-02
  -2.53316928E-02
   1.36940470E-02
   1.45799341E-02
  -1.09800613E-02
  -1.45735946E-02
   2.42358204E-02
  -3.33800353E-03
  -1.07776662E-02
   1.81850623E-02
  -1.10741090E-02
   1.58910174E-02
   1.03956237E-02
   3.12668979E-02
   3.80471186E-03
   4.58764248E-02
  0.128557667    
   3.11915092E-02
   2.51032840E-02
   7.12551549E-02
   1.67248324E-02
   1.58901103E-02
   6.68718060E-03
   5.97889349E-02
   4.02724147E-02
   5.51222414E-02
  -5.68354176E-03
  -2.01283749E-02
   1.27078686E-02
   2.64220648E-02
   1.60905905E-02
   1.64890736E-02
   5.44585958E-02
   2.25134520E-03
  -3.77858058E-02
   6.44903332E-02
   999.000000    
   999.000000    
   999.000000    
   999.000000    
   999.000000    
   999.000000    
   999.000000    
   999.000000    
   999.000000    
   999.000000    
   999.000000    
   999.000000    
   999.000000    
   999.000000    
   999.000000    
   999.000000    
   999.000000    
   999.000000    
   999.000000    
   999.000000    
   999.000000    
   999.000000    
   999.000000    
   999.000000    
   999.000000    
   999.000000    
   999.000000    
   999.000000    
   999.000000    
   999.000000    
   999.000000    
   999.000000    
   999.000000    
   999.000000    
   999.000000    
   999.000000    
   999.000000    
   999.000000    
   999.000000    
   999.000000    
   999.000000    
   999.000000    
   999.000000    
   999.000000    
   999.000000    
   999.000000    
   999.000000    
   999.000000    
   999.000000    
   999.000000    
   999.000000    
   999.000000    
   999.000000    
   999.000000    
   999.000000    
   999.000000    
   999.000000    
   999.000000    
   999.000000    
   999.000000    
   999.000000    
   999.000000    
   999.000000    
   999.000000    
   999.000000    
   999.000000    
   999.000000    
   999.000000    
   999.000000    
   999.000000    
   999.000000    
   999.000000    
   999.000000    
   999.000000    
   999.000000    
   999.000000    
   999.000000    
   999.000000    
   999.000000    
   999.000000    
   999.000000    
   999.000000    
   999.000000    
   999.000000    
   999.000000    
   999.000000    
